=== Variables in cats dataset ===
[1] "Sex" "Bwt" "Hwt"

=================================

=== Updated Dataset with Log-Transformed Bwt ===
    Sex Bwt  Hwt   log_Bwt
1     F 2.0  7.0 0.6931472
2     F 2.0  7.4 0.6931472
3     F 2.0  9.5 0.6931472
4     F 2.1  7.2 0.7419373
5     F 2.1  7.3 0.7419373
6     F 2.1  7.6 0.7419373
7     F 2.1  8.1 0.7419373
8     F 2.1  8.2 0.7419373
9     F 2.1  8.3 0.7419373
10    F 2.1  8.5 0.7419373
11    F 2.1  8.7 0.7419373
12    F 2.1  9.8 0.7419373
13    F 2.2  7.1 0.7884574
14    F 2.2  8.7 0.7884574
15    F 2.2  9.1 0.7884574
16    F 2.2  9.7 0.7884574
17    F 2.2 10.9 0.7884574
18    F 2.2 11.0 0.7884574
19    F 2.3  7.3 0.8329091
20    F 2.3  7.9 0.8329091
21    F 2.3  8.4 0.8329091
22    F 2.3  9.0 0.8329091
23    F 2.3  9.0 0.8329091
24    F 2.3  9.5 0.8329091
25    F 2.3  9.6 0.8329091
26    F 2.3  9.7 0.8329091
27    F 2.3 10.1 0.8329091
28    F 2.3 10.1 0.8329091
29    F 2.3 10.6 0.8329091
30    F 2.3 11.2 0.8329091
31    F 2.4  6.3 0.8754687
32    F 2.4  8.7 0.8754687
33    F 2.4  8.8 0.8754687
34    F 2.4 10.2 0.8754687
35    F 2.5  9.0 0.9162907
36    F 2.5 10.9 0.9162907
37    F 2.6  8.7 0.9555114
38    F 2.6 10.1 0.9555114
39    F 2.6 10.1 0.9555114
40    F 2.7  8.5 0.9932518
41    F 2.7 10.2 0.9932518
42    F 2.7 10.8 0.9932518
43    F 2.9  9.9 1.0647107
44    F 2.9 10.1 1.0647107
45    F 2.9 10.1 1.0647107
46    F 3.0 10.6 1.0986123
47    F 3.0 13.0 1.0986123
48    M 2.0  6.5 0.6931472
49    M 2.0  6.5 0.6931472
50    M 2.1 10.1 0.7419373
51    M 2.2  7.2 0.7884574
52    M 2.2  7.6 0.7884574
53    M 2.2  7.9 0.7884574
54    M 2.2  8.5 0.7884574
55    M 2.2  9.1 0.7884574
56    M 2.2  9.6 0.7884574
57    M 2.2  9.6 0.7884574
58    M 2.2 10.7 0.7884574
59    M 2.3  9.6 0.8329091
60    M 2.4  7.3 0.8754687
61    M 2.4  7.9 0.8754687
62    M 2.4  7.9 0.8754687
63    M 2.4  9.1 0.8754687
64    M 2.4  9.3 0.8754687
65    M 2.5  7.9 0.9162907
66    M 2.5  8.6 0.9162907
67    M 2.5  8.8 0.9162907
68    M 2.5  8.8 0.9162907
69    M 2.5  9.3 0.9162907
70    M 2.5 11.0 0.9162907
71    M 2.5 12.7 0.9162907
72    M 2.5 12.7 0.9162907
73    M 2.6  7.7 0.9555114
74    M 2.6  8.3 0.9555114
75    M 2.6  9.4 0.9555114
76    M 2.6  9.4 0.9555114
77    M 2.6 10.5 0.9555114
78    M 2.6 11.5 0.9555114
79    M 2.7  8.0 0.9932518
80    M 2.7  9.0 0.9932518
81    M 2.7  9.6 0.9932518
82    M 2.7  9.6 0.9932518
83    M 2.7  9.8 0.9932518
84    M 2.7 10.4 0.9932518
85    M 2.7 11.1 0.9932518
86    M 2.7 12.0 0.9932518
87    M 2.7 12.5 0.9932518
88    M 2.8  9.1 1.0296194
89    M 2.8 10.0 1.0296194
90    M 2.8 10.2 1.0296194
91    M 2.8 11.4 1.0296194
92    M 2.8 12.0 1.0296194
93    M 2.8 13.3 1.0296194
94    M 2.8 13.5 1.0296194
95    M 2.9  9.4 1.0647107
96    M 2.9 10.1 1.0647107
97    M 2.9 10.6 1.0647107
98    M 2.9 11.3 1.0647107
99    M 2.9 11.8 1.0647107
100   M 3.0 10.0 1.0986123
101   M 3.0 10.4 1.0986123
102   M 3.0 10.6 1.0986123
103   M 3.0 11.6 1.0986123
104   M 3.0 12.2 1.0986123
105   M 3.0 12.4 1.0986123
106   M 3.0 12.7 1.0986123
107   M 3.0 13.3 1.0986123
108   M 3.0 13.8 1.0986123
109   M 3.1  9.9 1.1314021
110   M 3.1 11.5 1.1314021
111   M 3.1 12.1 1.1314021
112   M 3.1 12.5 1.1314021
113   M 3.1 13.0 1.1314021
114   M 3.1 14.3 1.1314021
115   M 3.2 11.6 1.1631508
116   M 3.2 11.9 1.1631508
117   M 3.2 12.3 1.1631508
118   M 3.2 13.0 1.1631508
119   M 3.2 13.5 1.1631508
120   M 3.2 13.6 1.1631508
121   M 3.3 11.5 1.1939225
122   M 3.3 12.0 1.1939225
123   M 3.3 14.1 1.1939225
124   M 3.3 14.9 1.1939225
125   M 3.3 15.4 1.1939225
126   M 3.4 11.2 1.2237754
127   M 3.4 12.2 1.2237754
128   M 3.4 12.4 1.2237754
129   M 3.4 12.8 1.2237754
130   M 3.4 14.4 1.2237754
131   M 3.5 11.7 1.2527630
132   M 3.5 12.9 1.2527630
133   M 3.5 15.6 1.2527630
134   M 3.5 15.7 1.2527630
135   M 3.5 17.2 1.2527630
136   M 3.6 11.8 1.2809338
137   M 3.6 13.3 1.2809338
138   M 3.6 14.8 1.2809338
139   M 3.6 15.0 1.2809338
140   M 3.7 11.0 1.3083328
141   M 3.8 14.8 1.3350011
142   M 3.8 16.8 1.3350011
143   M 3.9 14.4 1.3609766
144   M 3.9 20.5 1.3609766
